N-gram Similarity,Levenshtein Similarity,Contract Address,File Path
100.00,100.00,0xc7ab7ffc4fc2f3c75ffb621f574d4b9c861330f0,../../../../Git/cpg-contract-checker/data-collection/source-code/smart-contract-sanctuary-ethereum/contracts/mainnet/c7/c7ab7ffc4fc2f3c75ffb621f574d4b9c861330f0_Registry.sol
100.00,100.00,0x4a96396566fad1033470c9ff848fd69c101a87e2,../../../../Git/cpg-contract-checker/data-collection/source-code/smart-contract-sanctuary-ethereum/contracts/mainnet/4a/4a96396566fad1033470c9ff848fd69c101a87e2_PublicTokenRegister.sol
100.00,92.00,0x44F703D198D8De5504075170BCeecd3FB4DD0F1B,../../../../Git/cpg-contract-checker/data-collection/source-code/smart-contract-sanctuary-ethereum/contracts/mainnet/44/44F703D198D8De5504075170BCeecd3FB4DD0F1B_DssSpell.sol
100.00,91.67,0xD8a14d447AB6789F3bf1Eb763b6306db3FC3d666,../../../../Git/cpg-contract-checker/data-collection/source-code/smart-contract-sanctuary-ethereum/contracts/mainnet/d8/D8a14d447AB6789F3bf1Eb763b6306db3FC3d666_ReflexerWithdraw.sol
100.00,91.67,0xcc6838d8a61a4b29ea565d39c38b830f1491cb29,../../../../Git/cpg-contract-checker/data-collection/source-code/smart-contract-sanctuary-ethereum/contracts/mainnet/cc/cc6838d8a61a4b29ea565d39c38b830f1491cb29_ReflexerPayback.sol
100.00,91.67,0xd7a36cd4ce7ccc2f1376dc5c48bac84380a4f698,../../../../Git/cpg-contract-checker/data-collection/source-code/smart-contract-sanctuary-ethereum/contracts/mainnet/d7/d7a36cd4ce7ccc2f1376dc5c48bac84380a4f698_ReflexerSupply.sol
100.00,91.43,0x6Bdb94790bC8C1Eef0b18DB29966e624Cf372615,../../../../Git/cpg-contract-checker/data-collection/source-code/smart-contract-sanctuary-ethereum/contracts/mainnet/6b/6Bdb94790bC8C1Eef0b18DB29966e624Cf372615_Raccoons.sol
100.00,91.67,0x5d447cbe791e2f4c11d82f1f3e901dec76f61763,../../../../Git/cpg-contract-checker/data-collection/source-code/smart-contract-sanctuary-ethereum/contracts/mainnet/5d/5d447cbe791e2f4c11d82f1f3e901dec76f61763_UniswapV2LiquidityManager.sol
100.00,91.43,0x83cfa28297d528638a90dd0668e36b4f15c29817,../../../../Git/cpg-contract-checker/data-collection/source-code/smart-contract-sanctuary-ethereum/contracts/mainnet/83/83cfa28297d528638a90dd0668e36b4f15c29817_Toucans3.sol
100.00,92.00,0xdd7342836ba5b064038d30706bc3507503176913,../../../../Git/cpg-contract-checker/data-collection/source-code/smart-contract-sanctuary-ethereum/contracts/mainnet/dd/dd7342836ba5b064038d30706bc3507503176913_CurveAMOv5Helper.sol
100.00,91.43,0xad361c92c9b9401CC515c1d31C2405F82096D186,../../../../Git/cpg-contract-checker/data-collection/source-code/smart-contract-sanctuary-ethereum/contracts/mainnet/ad/ad361c92c9b9401CC515c1d31C2405F82096D186_Meta.sol
100.00,91.67,0xC3d89139508A3883775D3d1E62E2A0fea363b448,../../../../Git/cpg-contract-checker/data-collection/source-code/smart-contract-sanctuary-ethereum/contracts/mainnet/c3/C3d89139508A3883775D3d1E62E2A0fea363b448_CompCollateralSwitch.sol
100.00,91.67,0xB4CEDe40b249b756Ce0EAa3e14F6af89f25f9a3d,../../../../Git/cpg-contract-checker/data-collection/source-code/smart-contract-sanctuary-ethereum/contracts/mainnet/b4/B4CEDe40b249b756Ce0EAa3e14F6af89f25f9a3d_CompSupply.sol
100.00,91.67,0x3792F83D6A82091cb53052458038CC86e206463F,../../../../Git/cpg-contract-checker/data-collection/source-code/smart-contract-sanctuary-ethereum/contracts/mainnet/37/3792F83D6A82091cb53052458038CC86e206463F_CompWithdraw.sol
100.00,91.67,0x81F488cF7A0128A9DB5e7207042cCAB1CB0ac902,../../../../Git/cpg-contract-checker/data-collection/source-code/smart-contract-sanctuary-ethereum/contracts/mainnet/81/81F488cF7A0128A9DB5e7207042cCAB1CB0ac902_CompClaim.sol
100.00,91.67,0x7dF10c0E5aaA083301cF3630474C09A3d3774492,../../../../Git/cpg-contract-checker/data-collection/source-code/smart-contract-sanctuary-ethereum/contracts/mainnet/7d/7dF10c0E5aaA083301cF3630474C09A3d3774492_ParaswapWrapper.sol
100.00,91.67,0xf1ce605554d5b762889daa727dd455cb50133de5,../../../../Git/cpg-contract-checker/data-collection/source-code/smart-contract-sanctuary-ethereum/contracts/mainnet/f1/f1ce605554d5b762889daa727dd455cb50133de5_CurveAMOv5Helper.sol
100.00,91.67,0x2c19ff5392b25cbf670ee3acb14400cc46869add,../../../../Git/cpg-contract-checker/data-collection/source-code/smart-contract-sanctuary-ethereum/contracts/mainnet/2c/2c19ff5392b25cbf670ee3acb14400cc46869add_CurveAMOv5Helper.sol
100.00,91.25,0x9C443ea8d027e6CDbD37719F8Aa5c5c94411Faec,../../../../Git/cpg-contract-checker/data-collection/source-code/smart-contract-sanctuary-ethereum/contracts/mainnet/9c/9C443ea8d027e6CDbD37719F8Aa5c5c94411Faec_OKPCMetadata.sol
100.00,91.43,0xb6c81487cd36bc2e6d9bc7feea830f9edd854860,../../../../Git/cpg-contract-checker/data-collection/source-code/smart-contract-sanctuary-ethereum/contracts/mainnet/b6/b6c81487cd36bc2e6d9bc7feea830f9edd854860_ERC20Helper.sol
100.00,91.25,0x38894D185689B8d83609F5B72FD379A753FD46Be,../../../../Git/cpg-contract-checker/data-collection/source-code/smart-contract-sanctuary-ethereum/contracts/mainnet/38/38894D185689B8d83609F5B72FD379A753FD46Be_OKPCMetadata.sol
100.00,91.25,0x99363f6E22daeaFA9E642eD07f7f8C617455C7c2,../../../../Git/cpg-contract-checker/data-collection/source-code/smart-contract-sanctuary-ethereum/contracts/mainnet/99/99363f6E22daeaFA9E642eD07f7f8C617455C7c2_OKPCMetadata.sol
100.00,91.25,0xB8EEB80A2AaFCae6f9F82309e1Ffb1790C6e4ba3,../../../../Git/cpg-contract-checker/data-collection/source-code/smart-contract-sanctuary-ethereum/contracts/mainnet/b8/B8EEB80A2AaFCae6f9F82309e1Ffb1790C6e4ba3_OKPCMetadata.sol
100.00,91.67,0xEd7002b7439A869d213C0a8a0D7B2850B71C66E7,../../../../Git/cpg-contract-checker/data-collection/source-code/smart-contract-sanctuary-ethereum/contracts/mainnet/ed/Ed7002b7439A869d213C0a8a0D7B2850B71C66E7_CompV3Supply.sol
100.00,91.67,0xAB53342d922Cc52b33486B92dC5dc361b7E4B436,../../../../Git/cpg-contract-checker/data-collection/source-code/smart-contract-sanctuary-ethereum/contracts/mainnet/ab/AB53342d922Cc52b33486B92dC5dc361b7E4B436_CompV3Supply.sol
100.00,91.67,0x6d14b9d69aADcb0d31a3e5d89fba75AB053fc9f0,../../../../Git/cpg-contract-checker/data-collection/source-code/smart-contract-sanctuary-ethereum/contracts/mainnet/6d/6d14b9d69aADcb0d31a3e5d89fba75AB053fc9f0_CompV3Payback.sol
100.00,91.67,0x0fB2390AEDB2dBeE08cec363c0eD72e9D8e64535,../../../../Git/cpg-contract-checker/data-collection/source-code/smart-contract-sanctuary-ethereum/contracts/mainnet/0f/0fB2390AEDB2dBeE08cec363c0eD72e9D8e64535_CompV3Transfer.sol
100.00,91.25,0xfB1C4088648996feEF5112b5bEdc37348526A718,../../../../Git/cpg-contract-checker/data-collection/source-code/smart-contract-sanctuary-ethereum/contracts/mainnet/fb/fB1C4088648996feEF5112b5bEdc37348526A718_OKPCMetadata.sol
100.00,91.67,0x5612e490c9549486dF16b34EBfD0E8b6cF6a1717,../../../../Git/cpg-contract-checker/data-collection/source-code/smart-contract-sanctuary-ethereum/contracts/mainnet/56/5612e490c9549486dF16b34EBfD0E8b6cF6a1717_SendToken.sol
100.00,91.67,0x36c26aa8bdc7cfe14e88721dc7fe53edfed8c880,../../../../Git/cpg-contract-checker/data-collection/source-code/smart-contract-sanctuary-ethereum/contracts/mainnet/36/36c26aa8bdc7cfe14e88721dc7fe53edfed8c880_SendToken.sol
100.00,91.67,0xDB6C8cFDd7c1C0F8895CDBC01Dbf4A6D4B6d2a29,../../../../Git/cpg-contract-checker/data-collection/source-code/smart-contract-sanctuary-ethereum/contracts/mainnet/db/DB6C8cFDd7c1C0F8895CDBC01Dbf4A6D4B6d2a29_UnwrapEth.sol
100.00,91.67,0x8EbBd35f84D7f0DFCBEf08fD30CD09176133251A,../../../../Git/cpg-contract-checker/data-collection/source-code/smart-contract-sanctuary-ethereum/contracts/mainnet/8e/8EbBd35f84D7f0DFCBEf08fD30CD09176133251A_WrapEth.sol
100.00,91.67,0x254cA89a00d53ab61de2Ba5641DBDC01aE48aed4,../../../../Git/cpg-contract-checker/data-collection/source-code/smart-contract-sanctuary-ethereum/contracts/mainnet/25/254cA89a00d53ab61de2Ba5641DBDC01aE48aed4_PullToken.sol
100.00,91.67,0x29bb266a72e585c661e292f7d8ca7c4581a0af72,../../../../Git/cpg-contract-checker/data-collection/source-code/smart-contract-sanctuary-ethereum/contracts/mainnet/29/29bb266a72e585c661e292f7d8ca7c4581a0af72_PullToken.sol
100.00,91.67,0x262f27480cCb98FA0B91D7A9f11bB82e3547ada1,../../../../Git/cpg-contract-checker/data-collection/source-code/smart-contract-sanctuary-ethereum/contracts/mainnet/26/262f27480cCb98FA0B91D7A9f11bB82e3547ada1_WalletFactory.sol
100.00,91.67,0x9fad9ffcea95c345d41055a63bd099e1a0576109,../../../../Git/cpg-contract-checker/data-collection/source-code/smart-contract-sanctuary-ethereum/contracts/mainnet/9f/9fad9ffcea95c345d41055a63bd099e1a0576109_WalletFactory.sol
100.00,91.43,0xb4EcdCB370e3b07D31735244E78da8Ed6b8b25e2,../../../../Git/cpg-contract-checker/data-collection/source-code/smart-contract-sanctuary-ethereum/contracts/mainnet/b4/b4EcdCB370e3b07D31735244E78da8Ed6b8b25e2_ERC721AMetadataFacet.sol
100.00,91.67,0xeecd376026335261c89faD40D89625391b1eFF6a,../../../../Git/cpg-contract-checker/data-collection/source-code/smart-contract-sanctuary-ethereum/contracts/mainnet/ee/eecd376026335261c89faD40D89625391b1eFF6a_SendTokenAndUnwrap.sol
100.00,91.67,0x228857fBDdc79e3AE298076C4568189eA32a22cB,../../../../Git/cpg-contract-checker/data-collection/source-code/smart-contract-sanctuary-ethereum/contracts/mainnet/22/228857fBDdc79e3AE298076C4568189eA32a22cB_SendTokens.sol
100.00,91.67,0xdf24ed1250fbfa274316b50Bc9A009aFA8F61E16,../../../../Git/cpg-contract-checker/data-collection/source-code/smart-contract-sanctuary-ethereum/contracts/mainnet/df/df24ed1250fbfa274316b50Bc9A009aFA8F61E16_MStableDeposit.sol
100.00,91.67,0xa4d5d3e56012C1eD8aba4bE246964962DC3F735f,../../../../Git/cpg-contract-checker/data-collection/source-code/smart-contract-sanctuary-ethereum/contracts/mainnet/a4/a4d5d3e56012C1eD8aba4bE246964962DC3F735f_MStableWithdraw.sol
100.00,91.67,0xff5dff1b90bd5aa6e12768ab497db90cc9de6f5d,../../../../Git/cpg-contract-checker/data-collection/source-code/smart-contract-sanctuary-ethereum/contracts/mainnet/ff/ff5dff1b90bd5aa6e12768ab497db90cc9de6f5d_AaveCollateralSwitch.sol
100.00,91.67,0x9935e12F0218E61c27D7f23eAC9A9D6881a078eC,../../../../Git/cpg-contract-checker/data-collection/source-code/smart-contract-sanctuary-ethereum/contracts/mainnet/99/9935e12F0218E61c27D7f23eAC9A9D6881a078eC_UniSupply.sol
100.00,91.67,0xd9D8e68717Ce24CCbf162868aaad7E38d81b05d1,../../../../Git/cpg-contract-checker/data-collection/source-code/smart-contract-sanctuary-ethereum/contracts/mainnet/d9/d9D8e68717Ce24CCbf162868aaad7E38d81b05d1_FLAaveV3.sol
100.00,91.43,0x35f62530fb1ffc75f2cca9f9a7147bbd7edd1c20,../../../../Git/cpg-contract-checker/data-collection/source-code/smart-contract-sanctuary-ethereum/contracts/mainnet/35/35f62530fb1ffc75f2cca9f9a7147bbd7edd1c20_Rae.sol
100.00,91.67,0x827089C5Fc7653655c4080c660Cd8f755F818443,../../../../Git/cpg-contract-checker/data-collection/source-code/smart-contract-sanctuary-ethereum/contracts/mainnet/82/827089C5Fc7653655c4080c660Cd8f755F818443_DyDxWithdraw.sol
100.00,91.67,0x066225964999F1D07C888c5Ac4a6C885bDa88b9A,../../../../Git/cpg-contract-checker/data-collection/source-code/smart-contract-sanctuary-ethereum/contracts/mainnet/06/066225964999F1D07C888c5Ac4a6C885bDa88b9A_AavePayback.sol
100.00,91.67,0xEbB200a529058B561B42Eab510DA157a63243CEc,../../../../Git/cpg-contract-checker/data-collection/source-code/smart-contract-sanctuary-ethereum/contracts/mainnet/eb/EbB200a529058B561B42Eab510DA157a63243CEc_AaveSupply.sol
100.00,91.67,0x754C58fA92246414a448c1ed44ea3D1AD446d482,../../../../Git/cpg-contract-checker/data-collection/source-code/smart-contract-sanctuary-ethereum/contracts/mainnet/75/754C58fA92246414a448c1ed44ea3D1AD446d482_AaveWithdraw.sol
100.00,91.67,0x1B95E800a869bc3F89914470a7901D93D1401cD1,../../../../Git/cpg-contract-checker/data-collection/source-code/smart-contract-sanctuary-ethereum/contracts/mainnet/1b/1B95E800a869bc3F89914470a7901D93D1401cD1_AaveBorrow.sol
100.00,91.43,0xa3bfe50261d9bd2279fe0f53257c1f476c2154b7,../../../../Git/cpg-contract-checker/data-collection/source-code/smart-contract-sanctuary-ethereum/contracts/mainnet/a3/a3bfe50261d9bd2279fe0f53257c1f476c2154b7_VaultRegistry.sol
100.00,91.43,0xe993af65e28509f2a76073e6b11db05468bbbe72,../../../../Git/cpg-contract-checker/data-collection/source-code/smart-contract-sanctuary-ethereum/contracts/mainnet/e9/e993af65e28509f2a76073e6b11db05468bbbe72_VaultRegistry.sol
100.00,91.67,0x5ab0244a00a733f16e6b238b462bdf3538c698e1,../../../../Git/cpg-contract-checker/data-collection/source-code/smart-contract-sanctuary-ethereum/contracts/mainnet/5a/5ab0244a00a733f16e6b238b462bdf3538c698e1_LiquitySPDeposit.sol
100.00,91.67,0x671280800b540cbf073561d84a297a2c4c5d529f,../../../../Git/cpg-contract-checker/data-collection/source-code/smart-contract-sanctuary-ethereum/contracts/mainnet/67/671280800b540cbf073561d84a297a2c4c5d529f_LiquityStake.sol
100.00,91.67,0x86fdd4a6438d448a794a44abbe47d57590b3350d,../../../../Git/cpg-contract-checker/data-collection/source-code/smart-contract-sanctuary-ethereum/contracts/mainnet/86/86fdd4a6438d448a794a44abbe47d57590b3350d_LiquityUnstake.sol
100.00,91.67,0x20b78854658011394c931ef2bf3ceea2fe62e7f0,../../../../Git/cpg-contract-checker/data-collection/source-code/smart-contract-sanctuary-ethereum/contracts/mainnet/20/20b78854658011394c931ef2bf3ceea2fe62e7f0_LiquityRedeem.sol
100.00,91.67,0x65e19f967b3f3cb6466110ad238039f5423e3177,../../../../Git/cpg-contract-checker/data-collection/source-code/smart-contract-sanctuary-ethereum/contracts/mainnet/65/65e19f967b3f3cb6466110ad238039f5423e3177_LiquityEthGainToTrove.sol
100.00,91.67,0x3d2f2d88749BB387abD07A2408b68D2Bf2D4be3f,../../../../Git/cpg-contract-checker/data-collection/source-code/smart-contract-sanctuary-ethereum/contracts/mainnet/3d/3d2f2d88749BB387abD07A2408b68D2Bf2D4be3f_CBChickenOut.sol
100.00,91.67,0xAB38eCb27aBc1d75cb83725a4c408C22F426A1c1,../../../../Git/cpg-contract-checker/data-collection/source-code/smart-contract-sanctuary-ethereum/contracts/mainnet/ab/AB38eCb27aBc1d75cb83725a4c408C22F426A1c1_CBCreate.sol
100.00,91.67,0xdD06754cA5367B03af7014AB359332eD82D988d1,../../../../Git/cpg-contract-checker/data-collection/source-code/smart-contract-sanctuary-ethereum/contracts/mainnet/dd/dD06754cA5367B03af7014AB359332eD82D988d1_CBRedeem.sol
100.00,91.67,0x1E990AF6dCf9E9f8a0b2fc76f3BC032A34fFfD14,../../../../Git/cpg-contract-checker/data-collection/source-code/smart-contract-sanctuary-ethereum/contracts/mainnet/1e/1E990AF6dCf9E9f8a0b2fc76f3BC032A34fFfD14_CBChickenIn.sol
100.00,91.67,0xBe7F735d7955e0461579E34266f41F928AE06D78,../../../../Git/cpg-contract-checker/data-collection/source-code/smart-contract-sanctuary-ethereum/contracts/mainnet/be/Be7F735d7955e0461579E34266f41F928AE06D78_AaveV3SetEMode.sol
100.00,91.67,0x54A4d6cB567B2C6CDe4687c361b24fd912695DAb,../../../../Git/cpg-contract-checker/data-collection/source-code/smart-contract-sanctuary-ethereum/contracts/mainnet/54/54A4d6cB567B2C6CDe4687c361b24fd912695DAb_AaveV3CollateralSwitch.sol
100.00,100.00,0x1748b24faf9780b74e5a9f3feb41553e712e94aa,../../../../Git/cpg-contract-checker/data-collection/source-code/smart-contract-sanctuary-ethereum/contracts/mainnet/17/1748b24faf9780b74e5a9f3feb41553e712e94aa_ApeRides.sol
100.00,91.67,0xDe5c012cd1878D86E91309593764895a3adb380E,../../../../Git/cpg-contract-checker/data-collection/source-code/smart-contract-sanctuary-ethereum/contracts/mainnet/de/De5c012cd1878D86E91309593764895a3adb380E_AaveV3ATokenPayback.sol
100.00,91.67,0x9D4e4b26A5E2e6Dad30C5d95F5cE78A8310F04C2,../../../../Git/cpg-contract-checker/data-collection/source-code/smart-contract-sanctuary-ethereum/contracts/mainnet/9d/9D4e4b26A5E2e6Dad30C5d95F5cE78A8310F04C2_AaveV3Withdraw.sol
100.00,91.67,0x7079ba1Bd00EeFCD2a260BbD6D088230505e3858,../../../../Git/cpg-contract-checker/data-collection/source-code/smart-contract-sanctuary-ethereum/contracts/mainnet/70/7079ba1Bd00EeFCD2a260BbD6D088230505e3858_AaveV3Borrow.sol
100.00,91.67,0xf4B715BB788cC4071061bd67dC8B56681460A2fF,../../../../Git/cpg-contract-checker/data-collection/source-code/smart-contract-sanctuary-ethereum/contracts/mainnet/f4/f4B715BB788cC4071061bd67dC8B56681460A2fF_AaveV3View.sol
100.00,91.67,0x9ECB0645b357fDD7B92789B91595160862Bd45d0,../../../../Git/cpg-contract-checker/data-collection/source-code/smart-contract-sanctuary-ethereum/contracts/mainnet/9e/9ECB0645b357fDD7B92789B91595160862Bd45d0_AaveV3View.sol
100.00,91.43,0x294B8645C0ff67E116064F3D24F31e6F70b6391e,../../../../Git/cpg-contract-checker/data-collection/source-code/smart-contract-sanctuary-ethereum/contracts/mainnet/29/294B8645C0ff67E116064F3D24F31e6F70b6391e_Collection.sol
100.00,91.43,0xcA01acea706D1Bf58722bE72284e933a9Dd3d69A,../../../../Git/cpg-contract-checker/data-collection/source-code/smart-contract-sanctuary-ethereum/contracts/mainnet/ca/cA01acea706D1Bf58722bE72284e933a9Dd3d69A_ProxyActionsLiquidityMining.sol
100.00,91.67,0x998A2E9aaE03c11b7A9863C1F59c42A21fcf47D0,../../../../Git/cpg-contract-checker/data-collection/source-code/smart-contract-sanctuary-ethereum/contracts/mainnet/99/998A2E9aaE03c11b7A9863C1F59c42A21fcf47D0_AaveV3ClaimRewards.sol
100.00,100.00,0xE9626Ef8dc3a8Bb6Bf9E18b44d35266a7Ba3D11D,../../../../Git/cpg-contract-checker/data-collection/source-code/smart-contract-sanctuary-ethereum/contracts/mainnet/e9/E9626Ef8dc3a8Bb6Bf9E18b44d35266a7Ba3D11D_ApeRidersClub.sol
100.00,91.67,0xe29265217D65F5a2ae41972E09C13E107D049004,../../../../Git/cpg-contract-checker/data-collection/source-code/smart-contract-sanctuary-ethereum/contracts/mainnet/e2/e29265217D65F5a2ae41972E09C13E107D049004_AaveV3Payback.sol
95.00,91.67,0x12f906e4854eedfdb1bd2daa9100d1c3b0cb7631,../../../../Git/cpg-contract-checker/data-collection/source-code/smart-contract-sanctuary-ethereum/contracts/mainnet/12/12f906e4854eedfdb1bd2daa9100d1c3b0cb7631_GebUniswapV2MultiCollateralKeeperFlashProxy.sol
95.00,91.67,0x77580917a9b1dae69ed505fa23581b949a1fcca7,../../../../Git/cpg-contract-checker/data-collection/source-code/smart-contract-sanctuary-ethereum/contracts/mainnet/77/77580917a9b1dae69ed505fa23581b949a1fcca7_GebUniswapV2MultiCollateralKeeperFlashProxy.sol
95.00,92.00,0x178B7401C32A4aab5EF128458888779eaAF4E78a,../../../../Git/cpg-contract-checker/data-collection/source-code/smart-contract-sanctuary-ethereum/contracts/mainnet/17/178B7401C32A4aab5EF128458888779eaAF4E78a_DeployProxy.sol
95.00,91.82,0xD17f3e694CBF9264A7DA5eF4E31b2259aE925f7E,../../../../Git/cpg-contract-checker/data-collection/source-code/smart-contract-sanctuary-ethereum/contracts/mainnet/d1/D17f3e694CBF9264A7DA5eF4E31b2259aE925f7E_WRLD_Name_Service_Registry.sol
95.00,91.67,0x04b576037e7aa41f44d6276eac013e6068976a53,../../../../Git/cpg-contract-checker/data-collection/source-code/smart-contract-sanctuary-ethereum/contracts/mainnet/04/04b576037e7aa41f44d6276eac013e6068976a53_GebUniswapV2KeeperFlashProxyETH.sol
95.00,91.67,0x2419356360becd9929caafc787ce018b42fa56fa,../../../../Git/cpg-contract-checker/data-collection/source-code/smart-contract-sanctuary-ethereum/contracts/mainnet/24/2419356360becd9929caafc787ce018b42fa56fa_GebUniswapV2KeeperFlashProxyETH.sol
95.00,91.43,0x5a04749532195d5d16268da74775defcc843151a,../../../../Git/cpg-contract-checker/data-collection/source-code/smart-contract-sanctuary-ethereum/contracts/mainnet/5a/5a04749532195d5d16268da74775defcc843151a_CalculationsSynth.sol
95.00,91.82,0xBa4c1A3759c4E923191aC5664DE3aEe5Cff1F20A,../../../../Git/cpg-contract-checker/data-collection/source-code/smart-contract-sanctuary-ethereum/contracts/mainnet/ba/Ba4c1A3759c4E923191aC5664DE3aEe5Cff1F20A_WRLD_Name_Service_Registry.sol
95.00,100.00,0xca88140605Ce5F9f673c58A35Fe85AC3586FA5CA,../../../../Git/cpg-contract-checker/data-collection/source-code/smart-contract-sanctuary-ethereum/contracts/mainnet/ca/ca88140605Ce5F9f673c58A35Fe85AC3586FA5CA_Poisoning.sol
95.00,91.67,0x6eC48d8f290136CEA599f0707eB7323DF6ED6d4c,../../../../Git/cpg-contract-checker/data-collection/source-code/smart-contract-sanctuary-ethereum/contracts/mainnet/6e/6eC48d8f290136CEA599f0707eB7323DF6ED6d4c_VaultToken.sol
95.00,91.43,0xf8169576dcef7573941b693a19c44ceb2bc1f1ab,../../../../Git/cpg-contract-checker/data-collection/source-code/smart-contract-sanctuary-ethereum/contracts/mainnet/f8/f8169576dcef7573941b693a19c44ceb2bc1f1ab_StakingTransferFunctionality.sol
95.00,92.00,0xCbc361AeFBd790609d3011dfF3b0D2Bd6bEE12B8,../../../../Git/cpg-contract-checker/data-collection/source-code/smart-contract-sanctuary-ethereum/contracts/mainnet/cb/Cbc361AeFBd790609d3011dfF3b0D2Bd6bEE12B8_StrategyConvexCvxCrv.sol
95.00,92.00,0xcBf174993D4029DD503A754DbC226018788dB4ED,../../../../Git/cpg-contract-checker/data-collection/source-code/smart-contract-sanctuary-ethereum/contracts/mainnet/cb/cBf174993D4029DD503A754DbC226018788dB4ED_StrategyCrvTricrypto2.sol
95.00,92.00,0x4edbA7b5B715EDac9DAFA1ec4b28131fA3e2B97D,../../../../Git/cpg-contract-checker/data-collection/source-code/smart-contract-sanctuary-ethereum/contracts/mainnet/4e/4edbA7b5B715EDac9DAFA1ec4b28131fA3e2B97D_StrategyConvexSteCRV.sol
95.00,92.00,0xd61eB791844132Af54032eE086Dc2cb33873419f,../../../../Git/cpg-contract-checker/data-collection/source-code/smart-contract-sanctuary-ethereum/contracts/mainnet/d6/d61eB791844132Af54032eE086Dc2cb33873419f_StrategyConvexCvxCrv.sol
95.00,91.67,0xa806e4e7b708d78349948883decae552be6e5002,../../../../Git/cpg-contract-checker/data-collection/source-code/smart-contract-sanctuary-ethereum/contracts/mainnet/a8/a806e4e7b708d78349948883decae552be6e5002_StockWithdraw.sol
95.00,91.67,0xfa40b8e51768aac63f065652b4615bbc82a64037,../../../../Git/cpg-contract-checker/data-collection/source-code/smart-contract-sanctuary-ethereum/contracts/mainnet/fa/fa40b8e51768aac63f065652b4615bbc82a64037_StockDeposit.sol
95.00,92.00,0x8F14Fd9d3F51412036ef0460b4F5CD46d4AE7455,../../../../Git/cpg-contract-checker/data-collection/source-code/smart-contract-sanctuary-ethereum/contracts/mainnet/8f/8F14Fd9d3F51412036ef0460b4F5CD46d4AE7455_StrategyCrvEth.sol
95.00,91.82,0xdD60a7b6f2f792F96E51a2b91bbd8f6946F13351,../../../../Git/cpg-contract-checker/data-collection/source-code/smart-contract-sanctuary-ethereum/contracts/mainnet/dd/dD60a7b6f2f792F96E51a2b91bbd8f6946F13351_WRLD_Name_Service_Registry.sol
95.00,91.82,0xC4a9328f135Cd4a568CD5e12ED528B8E539a158b,../../../../Git/cpg-contract-checker/data-collection/source-code/smart-contract-sanctuary-ethereum/contracts/mainnet/c4/C4a9328f135Cd4a568CD5e12ED528B8E539a158b_WRLD_Name_Service_Registry.sol
95.00,91.67,0x939A991818Ca607656808784D4438d60bdf66bf9,../../../../Git/cpg-contract-checker/data-collection/source-code/smart-contract-sanctuary-ethereum/contracts/mainnet/93/939A991818Ca607656808784D4438d60bdf66bf9_StrategyConvexCadcUsdc.sol
95.00,91.67,0xe2948C39519E33Ad97C9AdDaF936cA41B34ceDE0,../../../../Git/cpg-contract-checker/data-collection/source-code/smart-contract-sanctuary-ethereum/contracts/mainnet/e2/e2948C39519E33Ad97C9AdDaF936cA41B34ceDE0_StrategyConvexCadcUsdc.sol
95.00,91.67,0x969A38E98331c33BAc364dee7c34905c577Ff2ad,../../../../Git/cpg-contract-checker/data-collection/source-code/smart-contract-sanctuary-ethereum/contracts/mainnet/96/969A38E98331c33BAc364dee7c34905c577Ff2ad_PlatformManagementFee.sol
95.00,91.67,0x66a13EDeC848D8F68517f7dFb16891Cc99f3F8Cd,../../../../Git/cpg-contract-checker/data-collection/source-code/smart-contract-sanctuary-ethereum/contracts/mainnet/66/66a13EDeC848D8F68517f7dFb16891Cc99f3F8Cd_StrategyCvxEth.sol
95.00,91.67,0xe5C8c3c291FF61cAce070227412f03e879b576dc,../../../../Git/cpg-contract-checker/data-collection/source-code/smart-contract-sanctuary-ethereum/contracts/mainnet/e5/e5C8c3c291FF61cAce070227412f03e879b576dc_PerformanceManagementFee.sol
95.00,91.67,0x0984D757b6384c65C4D606c6D0eb3Bdb83A20CDB,../../../../Git/cpg-contract-checker/data-collection/source-code/smart-contract-sanctuary-ethereum/contracts/mainnet/09/0984D757b6384c65C4D606c6D0eb3Bdb83A20CDB_StockWithdraw.sol
95.00,91.67,0xec329b2645BB4ff293E52618dBf7B5b530E35fdF,../../../../Git/cpg-contract-checker/data-collection/source-code/smart-contract-sanctuary-ethereum/contracts/mainnet/ec/ec329b2645BB4ff293E52618dBf7B5b530E35fdF_StockWithdraw.sol
95.00,91.67,0x0F3b8C261997A7808113C0Dce1F3f01b44E3d22A,../../../../Git/cpg-contract-checker/data-collection/source-code/smart-contract-sanctuary-ethereum/contracts/mainnet/0f/0F3b8C261997A7808113C0Dce1F3f01b44E3d22A_StockWithdraw.sol
95.00,91.67,0xf8D838A9D299AdF6c4A03269BC9B6086a6423366,../../../../Git/cpg-contract-checker/data-collection/source-code/smart-contract-sanctuary-ethereum/contracts/mainnet/f8/f8D838A9D299AdF6c4A03269BC9B6086a6423366_StockWithdraw.sol
95.00,91.67,0x41dD6238a77C21Ab70A7B0100883b63B96fE9fA4,../../../../Git/cpg-contract-checker/data-collection/source-code/smart-contract-sanctuary-ethereum/contracts/mainnet/41/41dD6238a77C21Ab70A7B0100883b63B96fE9fA4_PerformanceManagementFee.sol
95.00,91.67,0x84e276575f0b8266f85a1b271F41C47c1e17B665,../../../../Git/cpg-contract-checker/data-collection/source-code/smart-contract-sanctuary-ethereum/contracts/mainnet/84/84e276575f0b8266f85a1b271F41C47c1e17B665_StockWithdraw.sol
95.00,91.67,0x77cd68f4cdf28838ff2e592a72f1b48cde72f2d1,../../../../Git/cpg-contract-checker/data-collection/source-code/smart-contract-sanctuary-ethereum/contracts/mainnet/77/77cd68f4cdf28838ff2e592a72f1b48cde72f2d1_ManagementFee.sol
95.00,91.67,0xf178378de6f0a1942edc9ecb873b3770be654f96,../../../../Git/cpg-contract-checker/data-collection/source-code/smart-contract-sanctuary-ethereum/contracts/mainnet/f1/f178378de6f0a1942edc9ecb873b3770be654f96_PerformanceManagementFee.sol
95.00,91.67,0x480C20E9eDF77D381f13D660819A4D26A4d7aF09,../../../../Git/cpg-contract-checker/data-collection/source-code/smart-contract-sanctuary-ethereum/contracts/mainnet/48/480C20E9eDF77D381f13D660819A4D26A4d7aF09_StockWithdraw.sol
95.00,91.67,0x9f1dCe739Dd2b665D6E82cBdfBFA240B2b60f710,../../../../Git/cpg-contract-checker/data-collection/source-code/smart-contract-sanctuary-ethereum/contracts/mainnet/9f/9f1dCe739Dd2b665D6E82cBdfBFA240B2b60f710_StockDeposit.sol
95.00,91.67,0xB16869A62c0371CEDAF126c1e33d1C9a32a15D56,../../../../Git/cpg-contract-checker/data-collection/source-code/smart-contract-sanctuary-ethereum/contracts/mainnet/b1/B16869A62c0371CEDAF126c1e33d1C9a32a15D56_StockDeposit.sol
95.00,91.67,0x91d95e5DEa290EF55B400d33a5569b665274a961,../../../../Git/cpg-contract-checker/data-collection/source-code/smart-contract-sanctuary-ethereum/contracts/mainnet/91/91d95e5DEa290EF55B400d33a5569b665274a961_StockDeposit.sol
95.00,92.00,0x571E53093ABA70786C8b7Fa68608dbDE9F376bc2,../../../../Git/cpg-contract-checker/data-collection/source-code/smart-contract-sanctuary-ethereum/contracts/mainnet/57/571E53093ABA70786C8b7Fa68608dbDE9F376bc2_StrategyAlusd3Crv.sol
95.00,92.50,0xfF0BE903dC1aDeD386Ea873578A1e36B112749F3,../../../../Git/cpg-contract-checker/data-collection/source-code/smart-contract-sanctuary-ethereum/contracts/mainnet/ff/fF0BE903dC1aDeD386Ea873578A1e36B112749F3_SimpleNetArtDiagram.sol
95.00,92.00,0x4f1f43B54a1d88024d26Ad88914e6FCFe0024cB6,../../../../Git/cpg-contract-checker/data-collection/source-code/smart-contract-sanctuary-ethereum/contracts/mainnet/4f/4f1f43B54a1d88024d26Ad88914e6FCFe0024cB6_StrategySaddleD4.sol
95.00,92.00,0x4A974495E20A8E0f5ce1De59eB15CfffD19Bcf8d,../../../../Git/cpg-contract-checker/data-collection/source-code/smart-contract-sanctuary-ethereum/contracts/mainnet/4a/4A974495E20A8E0f5ce1De59eB15CfffD19Bcf8d_StrategySaddleD4.sol
95.00,100.00,0xDC4D40a68B2cA0b03d0DFE8E02005Ace9dB6887d,../../../../Git/cpg-contract-checker/data-collection/source-code/smart-contract-sanctuary-ethereum/contracts/mainnet/dc/DC4D40a68B2cA0b03d0DFE8E02005Ace9dB6887d_Poisoning.sol
95.00,100.00,0x756fd65717f30669510327Dda77FF487C3a8c834,../../../../Git/cpg-contract-checker/data-collection/source-code/smart-contract-sanctuary-ethereum/contracts/mainnet/75/756fd65717f30669510327Dda77FF487C3a8c834_Poisoning.sol
95.00,91.67,0xabf96463C044d41b97a5a7b11aB35b0BD2293acb,../../../../Git/cpg-contract-checker/data-collection/source-code/smart-contract-sanctuary-ethereum/contracts/mainnet/ab/abf96463C044d41b97a5a7b11aB35b0BD2293acb_StrategySaddleD4.sol
95.00,91.43,0x294eD07892bc5b2794Af43057E0573628d4E3942,../../../../Git/cpg-contract-checker/data-collection/source-code/smart-contract-sanctuary-ethereum/contracts/mainnet/29/294eD07892bc5b2794Af43057E0573628d4E3942_NeuronPoolCurveFraxUSDC.sol
95.00,92.86,0x41874749e532a3584b4E04458335397cdF8CCd44,../../../../Git/cpg-contract-checker/data-collection/source-code/smart-contract-sanctuary-ethereum/contracts/mainnet/41/41874749e532a3584b4E04458335397cdF8CCd44_TokenFactory.sol
95.00,91.67,0x5d8B44661b085579c8Fb17fc1aeD9Af5ce406f2A,../../../../Git/cpg-contract-checker/data-collection/source-code/smart-contract-sanctuary-ethereum/contracts/mainnet/5d/5d8B44661b085579c8Fb17fc1aeD9Af5ce406f2A_StrategySaddleD4.sol
95.00,92.00,0xB385bB82901C19B184529537097A17bC533CdD62,../../../../Git/cpg-contract-checker/data-collection/source-code/smart-contract-sanctuary-ethereum/contracts/mainnet/b3/B385bB82901C19B184529537097A17bC533CdD62_StrategyConvexCurveFraxUSDC.sol
95.00,92.00,0xf237Ef7069d7177272D80C3C4eB3530ee7fBa4bD,../../../../Git/cpg-contract-checker/data-collection/source-code/smart-contract-sanctuary-ethereum/contracts/mainnet/f2/f237Ef7069d7177272D80C3C4eB3530ee7fBa4bD_StrategyConvexCurveSBTC.sol
95.00,92.00,0x56D6ed951a936E3EaA8129871947F07EE94fcAf4,../../../../Git/cpg-contract-checker/data-collection/source-code/smart-contract-sanctuary-ethereum/contracts/mainnet/56/56D6ed951a936E3EaA8129871947F07EE94fcAf4_StrategyConvexCurveSTETH.sol
95.00,92.00,0x92100B041542B4C19b6A7EF0D40220072EbCc3C3,../../../../Git/cpg-contract-checker/data-collection/source-code/smart-contract-sanctuary-ethereum/contracts/mainnet/92/92100B041542B4C19b6A7EF0D40220072EbCc3C3_StrategyConvexCurveMIM.sol
95.00,92.00,0xc5C5D181a08e4F127ADA2d3BE2636e206D7aAf24,../../../../Git/cpg-contract-checker/data-collection/source-code/smart-contract-sanctuary-ethereum/contracts/mainnet/c5/c5C5D181a08e4F127ADA2d3BE2636e206D7aAf24_StrategyConvexCurveALETH.sol
95.00,92.00,0x14c0253142cb64D673f7E194C7A97d10261bC442,../../../../Git/cpg-contract-checker/data-collection/source-code/smart-contract-sanctuary-ethereum/contracts/mainnet/14/14c0253142cb64D673f7E194C7A97d10261bC442_StrategyLqty.sol
95.00,91.67,0x93318d4b44558f57B688C6943fA9E2c3e52540B0,../../../../Git/cpg-contract-checker/data-collection/source-code/smart-contract-sanctuary-ethereum/contracts/mainnet/93/93318d4b44558f57B688C6943fA9E2c3e52540B0_BALLocker.sol
95.00,91.67,0xE37D0de73125af8ce56EF56dc948845779356208,../../../../Git/cpg-contract-checker/data-collection/source-code/smart-contract-sanctuary-ethereum/contracts/mainnet/e3/E37D0de73125af8ce56EF56dc948845779356208_StrategyLqty.sol
95.00,91.43,0x60842e5295010C9bE6433e130e03e0158C0caCFc,../../../../Git/cpg-contract-checker/data-collection/source-code/smart-contract-sanctuary-ethereum/contracts/mainnet/60/60842e5295010C9bE6433e130e03e0158C0caCFc_NeuronPoolCurve3crvExtends.sol
95.00,92.00,0x9bea066d269d3f585a1eb517f614546fe83e7990,../../../../Git/cpg-contract-checker/data-collection/source-code/smart-contract-sanctuary-ethereum/contracts/mainnet/9b/9bea066d269d3f585a1eb517f614546fe83e7990_StrategyLqty.sol
95.00,91.11,0xC8EEc1c5D08A695b82B5d7182Ea7FDBba4aC537f,../../../../Git/cpg-contract-checker/data-collection/source-code/smart-contract-sanctuary-ethereum/contracts/mainnet/c8/C8EEc1c5D08A695b82B5d7182Ea7FDBba4aC537f_OnChainPhunks.sol
95.00,92.00,0x48f5811a83B32E0Cf392a4645619904d36403fE5,../../../../Git/cpg-contract-checker/data-collection/source-code/smart-contract-sanctuary-ethereum/contracts/mainnet/48/48f5811a83B32E0Cf392a4645619904d36403fE5_StrategyRlyEthLp.sol
95.00,91.11,0xc82fa5a2b904f55a10ab66656ac5ac492be5ce25,../../../../Git/cpg-contract-checker/data-collection/source-code/smart-contract-sanctuary-ethereum/contracts/mainnet/c8/c82fa5a2b904f55a10ab66656ac5ac492be5ce25_OnChainPhunks.sol
95.00,92.00,0x1aE9938040852172F7588BBbe32CdB0867790591,../../../../Git/cpg-contract-checker/data-collection/source-code/smart-contract-sanctuary-ethereum/contracts/mainnet/1a/1aE9938040852172F7588BBbe32CdB0867790591_StrategySpellEthLp.sol
95.00,92.00,0x5dfCe8B1007275d989b18F078c4Af8B19Bd73C00,../../../../Git/cpg-contract-checker/data-collection/source-code/smart-contract-sanctuary-ethereum/contracts/mainnet/5d/5dfCe8B1007275d989b18F078c4Af8B19Bd73C00_StrategyMim3crvLp.sol
95.00,92.00,0xa4a9F66344Bf806FA1329E665f3F33A5f106b1C2,../../../../Git/cpg-contract-checker/data-collection/source-code/smart-contract-sanctuary-ethereum/contracts/mainnet/a4/a4a9F66344Bf806FA1329E665f3F33A5f106b1C2_StrategySushiEthAlcxLp.sol
95.00,92.00,0x261fC20A8F0E5fcb4Bf0BC5c15651fA9E3166aDC,../../../../Git/cpg-contract-checker/data-collection/source-code/smart-contract-sanctuary-ethereum/contracts/mainnet/26/261fC20A8F0E5fcb4Bf0BC5c15651fA9E3166aDC_StrategySushiEthAlcxLp.sol
95.00,92.00,0x4D787C7d124721cD22A5F124BBB06d965fdE04ef,../../../../Git/cpg-contract-checker/data-collection/source-code/smart-contract-sanctuary-ethereum/contracts/mainnet/4d/4D787C7d124721cD22A5F124BBB06d965fdE04ef_StrategySushiEthAlcxLp.sol
95.00,92.00,0x0c28847186564116b9A99A39a243ea8dF846F195,../../../../Git/cpg-contract-checker/data-collection/source-code/smart-contract-sanctuary-ethereum/contracts/mainnet/0c/0c28847186564116b9A99A39a243ea8dF846F195_StrategyFoxEthFoxLp.sol
95.00,91.67,0x3c886EEad36D0Aa378a6BdEC9F80b3074EFAd9B4,../../../../Git/cpg-contract-checker/data-collection/source-code/smart-contract-sanctuary-ethereum/contracts/mainnet/3c/3c886EEad36D0Aa378a6BdEC9F80b3074EFAd9B4_YFLPurchaser.sol
95.00,91.67,0x8F3159d98e7C0A5300955b0BEa5a27D9c65c349e,../../../../Git/cpg-contract-checker/data-collection/source-code/smart-contract-sanctuary-ethereum/contracts/mainnet/8f/8F3159d98e7C0A5300955b0BEa5a27D9c65c349e_YFLPurchaser.sol
95.00,91.43,0x461bB2158A4af4Fb181C167934634b81E50Ca28F,../../../../Git/cpg-contract-checker/data-collection/source-code/smart-contract-sanctuary-ethereum/contracts/mainnet/46/461bB2158A4af4Fb181C167934634b81E50Ca28F_StrategyCurveStgUsdc.sol
95.00,92.00,0x72A8e9AF512F7857C43A8Bc7712C981Eab5C9FE6,../../../../Git/cpg-contract-checker/data-collection/source-code/smart-contract-sanctuary-ethereum/contracts/mainnet/72/72A8e9AF512F7857C43A8Bc7712C981Eab5C9FE6_StrategySorbettoEthUsdtLp.sol
95.00,92.00,0x1cCDB8152Bb12aa34e5E7F6C9c7870cd6C45E37F,../../../../Git/cpg-contract-checker/data-collection/source-code/smart-contract-sanctuary-ethereum/contracts/mainnet/1c/1cCDB8152Bb12aa34e5E7F6C9c7870cd6C45E37F_StrategySorbettoUsdcEthLp.sol
95.00,92.00,0x78837Bc0c9E68BD4500f1869e80ba32e6b80097B,../../../../Git/cpg-contract-checker/data-collection/source-code/smart-contract-sanctuary-ethereum/contracts/mainnet/78/78837Bc0c9E68BD4500f1869e80ba32e6b80097B_StrategyFeiTribeLpV2.sol
95.00,92.00,0x8d54048Ce339c2D258205A7B85c6358a83DAc6a0,../../../../Git/cpg-contract-checker/data-collection/source-code/smart-contract-sanctuary-ethereum/contracts/mainnet/8d/8d54048Ce339c2D258205A7B85c6358a83DAc6a0_StrategySushiEthSushiLp.sol
95.00,92.00,0xb7bfc69e94a62d2b1a8d5edd03246918cb32337c,../../../../Git/cpg-contract-checker/data-collection/source-code/smart-contract-sanctuary-ethereum/contracts/mainnet/b7/b7bfc69e94a62d2b1a8d5edd03246918cb32337c_StrategyConvexEthLp.sol
95.00,92.00,0x30011025e04bac27a4fb16a9b0b66ed8e5919460,../../../../Git/cpg-contract-checker/data-collection/source-code/smart-contract-sanctuary-ethereum/contracts/mainnet/30/30011025e04bac27a4fb16a9b0b66ed8e5919460_StrategySushiTrueEthLp.sol
95.00,92.00,0x474E86F136b05c069c59f094bCa3aa46252eB86A,../../../../Git/cpg-contract-checker/data-collection/source-code/smart-contract-sanctuary-ethereum/contracts/mainnet/47/474E86F136b05c069c59f094bCa3aa46252eB86A_StrategySushiEthAlcxLp.sol
95.00,92.86,0xEc9e6E328Acf73cd2b1775070275A75Efc078383,../../../../Git/cpg-contract-checker/data-collection/source-code/smart-contract-sanctuary-ethereum/contracts/mainnet/ec/Ec9e6E328Acf73cd2b1775070275A75Efc078383_ParameterControl.sol
95.00,92.00,0x842f7c112beFEE8106522764cBf77A1a08B2E966,../../../../Git/cpg-contract-checker/data-collection/source-code/smart-contract-sanctuary-ethereum/contracts/mainnet/84/842f7c112beFEE8106522764cBf77A1a08B2E966_StrategyMimEthLp.sol
95.00,91.67,0x51ae948E4c71d972d740c44377492c203a41616E,../../../../Git/cpg-contract-checker/data-collection/source-code/smart-contract-sanctuary-ethereum/contracts/mainnet/51/51ae948E4c71d972d740c44377492c203a41616E_RiriCrewRoyaltyFu.sol
95.00,92.00,0x0185ee1A1101F9c43c6a33a48Faa7Edb102f1e30,../../../../Git/cpg-contract-checker/data-collection/source-code/smart-contract-sanctuary-ethereum/contracts/mainnet/01/0185ee1A1101F9c43c6a33a48Faa7Edb102f1e30_StrategySaddleAlethEth.sol
95.00,92.00,0x9A9Ee0b87A324d4f434a2c60445ADCB5334F72AD,../../../../Git/cpg-contract-checker/data-collection/source-code/smart-contract-sanctuary-ethereum/contracts/mainnet/9a/9A9Ee0b87A324d4f434a2c60445ADCB5334F72AD_StrategyAlusd3Crv.sol
95.00,92.00,0x8B426DD516cEe200f4B7FfB2715cA186886803D9,../../../../Git/cpg-contract-checker/data-collection/source-code/smart-contract-sanctuary-ethereum/contracts/mainnet/8b/8B426DD516cEe200f4B7FfB2715cA186886803D9_StrategyFoxEthFoxLp.sol
95.00,92.00,0x6716836647074B1a6b4A7e0566af3e6A4e9e891F,../../../../Git/cpg-contract-checker/data-collection/source-code/smart-contract-sanctuary-ethereum/contracts/mainnet/67/6716836647074B1a6b4A7e0566af3e6A4e9e891F_StrategyLusdEthLp.sol
95.00,92.00,0xD5f6572d845026850796ef03d7ea975cc81D376E,../../../../Git/cpg-contract-checker/data-collection/source-code/smart-contract-sanctuary-ethereum/contracts/mainnet/d5/D5f6572d845026850796ef03d7ea975cc81D376E_StrategyBasisBasDaiLp.sol
95.00,92.00,0x31dfcb1c5df01a27f8b0b5f9cd1585fe92c7970e,../../../../Git/cpg-contract-checker/data-collection/source-code/smart-contract-sanctuary-ethereum/contracts/mainnet/31/31dfcb1c5df01a27f8b0b5f9cd1585fe92c7970e_StrategyBasisBacDaiLp.sol
95.00,92.00,0xa28217D2242AA23bcD8211a520a96515815D201d,../../../../Git/cpg-contract-checker/data-collection/source-code/smart-contract-sanctuary-ethereum/contracts/mainnet/a2/a28217D2242AA23bcD8211a520a96515815D201d_StrategyMirrorBabaUstLp.sol
95.00,92.00,0x0e5A5B89e2529c52d7CdEA1A6DB9dC7933d8d32A,../../../../Git/cpg-contract-checker/data-collection/source-code/smart-contract-sanctuary-ethereum/contracts/mainnet/0e/0e5A5B89e2529c52d7CdEA1A6DB9dC7933d8d32A_StrategyMirrorQqqUstLp.sol
95.00,92.00,0x58635ce31677f99437d84E39724D2bc47eC57aA6,../../../../Git/cpg-contract-checker/data-collection/source-code/smart-contract-sanctuary-ethereum/contracts/mainnet/58/58635ce31677f99437d84E39724D2bc47eC57aA6_StrategyMirrorAaplUstLp.sol
95.00,92.00,0xCE0248D6a290a1a455646F9aFe43b145eabDA767,../../../../Git/cpg-contract-checker/data-collection/source-code/smart-contract-sanctuary-ethereum/contracts/mainnet/ce/CE0248D6a290a1a455646F9aFe43b145eabDA767_StrategyMirrorSlvUstLp.sol
95.00,92.00,0xF78F8F92cc2f8cD104C279D7ed99CBB5F9058514,../../../../Git/cpg-contract-checker/data-collection/source-code/smart-contract-sanctuary-ethereum/contracts/mainnet/f7/F78F8F92cc2f8cD104C279D7ed99CBB5F9058514_StrategyMirrorTslaUstLp.sol
95.00,91.43,0x47bf63ee75824bddf736e4a7ea56b6921be58c1a,../../../../Git/cpg-contract-checker/data-collection/source-code/smart-contract-sanctuary-ethereum/contracts/mainnet/47/47bf63ee75824bddf736e4a7ea56b6921be58c1a_QuickScopeMicroservice.sol
95.00,92.00,0x9e7f57F3C3b147D234d38F9071b7D53b08c7fd85,../../../../Git/cpg-contract-checker/data-collection/source-code/smart-contract-sanctuary-ethereum/contracts/mainnet/9e/9e7f57F3C3b147D234d38F9071b7D53b08c7fd85_StrategySushiEthYvBoostLp.sol
95.00,92.00,0x88289469Ff2B299A2a7585e19a563C02A84172eB,../../../../Git/cpg-contract-checker/data-collection/source-code/smart-contract-sanctuary-ethereum/contracts/mainnet/88/88289469Ff2B299A2a7585e19a563C02A84172eB_StrategySushiEthSushiLp.sol
95.00,92.00,0xE9F71E65b13a036127F30AE8E397d7a65A51F421,../../../../Git/cpg-contract-checker/data-collection/source-code/smart-contract-sanctuary-ethereum/contracts/mainnet/e9/E9F71E65b13a036127F30AE8E397d7a65A51F421_StrategySushiCvxEthLp.sol
95.00,92.00,0x70a1aE76d37bADe6f051E769962c127EFbCC14Ca,../../../../Git/cpg-contract-checker/data-collection/source-code/smart-contract-sanctuary-ethereum/contracts/mainnet/70/70a1aE76d37bADe6f051E769962c127EFbCC14Ca_StrategyFeiTribeLp.sol
95.00,92.00,0xB5CC2a5245199aA2cB3dCC7e29b91259FAFd018E,../../../../Git/cpg-contract-checker/data-collection/source-code/smart-contract-sanctuary-ethereum/contracts/mainnet/b5/B5CC2a5245199aA2cB3dCC7e29b91259FAFd018E_StrategySushiEthDaiLp.sol
95.00,92.00,0x074ee9744D85d6c6B729f9944D6A5d8f341C8061,../../../../Git/cpg-contract-checker/data-collection/source-code/smart-contract-sanctuary-ethereum/contracts/mainnet/07/074ee9744D85d6c6B729f9944D6A5d8f341C8061_StrategySushiEthWbtcLp.sol
95.00,92.00,0xD41eB35E58A9089e3ff8D75D2612A6C9cF68827f,../../../../Git/cpg-contract-checker/data-collection/source-code/smart-contract-sanctuary-ethereum/contracts/mainnet/d4/D41eB35E58A9089e3ff8D75D2612A6C9cF68827f_StrategySushiEthUsdcLp.sol
95.00,92.00,0x5333EAf16DA26C75ACE875a685A732CF679cF6b8,../../../../Git/cpg-contract-checker/data-collection/source-code/smart-contract-sanctuary-ethereum/contracts/mainnet/53/5333EAf16DA26C75ACE875a685A732CF679cF6b8_StrategySushiEthSushiLp.sol
95.00,92.00,0xf237D7aCF377952E1B945E7F94a37ecF270e902E,../../../../Git/cpg-contract-checker/data-collection/source-code/smart-contract-sanctuary-ethereum/contracts/mainnet/f2/f237D7aCF377952E1B945E7F94a37ecF270e902E_StrategySushiDoubleEthAlcxLp.sol
95.00,92.00,0xf80c166eF66A4489241a54ca118326523f0c7885,../../../../Git/cpg-contract-checker/data-collection/source-code/smart-contract-sanctuary-ethereum/contracts/mainnet/f8/f80c166eF66A4489241a54ca118326523f0c7885_StrategySushiDoubleEthRulerLp.sol
95.00,92.00,0x14293823B5956c30E79d6669F1C79eb70c2619eB,../../../../Git/cpg-contract-checker/data-collection/source-code/smart-contract-sanctuary-ethereum/contracts/mainnet/14/14293823B5956c30E79d6669F1C79eb70c2619eB_StrategySushiDoubleEthPickleLp.sol
95.00,92.00,0x49CA79943AB41963758D24f9cacF91561a8C3505,../../../../Git/cpg-contract-checker/data-collection/source-code/smart-contract-sanctuary-ethereum/contracts/mainnet/49/49CA79943AB41963758D24f9cacF91561a8C3505_StrategySushiDoubleEthCvxLp.sol
95.00,92.00,0xDB76cDB8025B11A0e256Fc2800A82cc869A788AA,../../../../Git/cpg-contract-checker/data-collection/source-code/smart-contract-sanctuary-ethereum/contracts/mainnet/db/DB76cDB8025B11A0e256Fc2800A82cc869A788AA_StrategyBasisBasDaiLpV3.sol
95.00,92.50,0x4F64D73d45D6E7E0e3a1C10b6EF3e59400ec526c,../../../../Git/cpg-contract-checker/data-collection/source-code/smart-contract-sanctuary-ethereum/contracts/mainnet/4f/4F64D73d45D6E7E0e3a1C10b6EF3e59400ec526c_ZerionMainnetNFT.sol
95.00,91.43,0x21fd8ad3f74e75dD9Cd0F3c276B13e604f27e7e7,../../../../Git/cpg-contract-checker/data-collection/source-code/smart-contract-sanctuary-ethereum/contracts/mainnet/21/21fd8ad3f74e75dD9Cd0F3c276B13e604f27e7e7_Invaded.sol
95.00,91.43,0x498227DAdc6945317f0e0A5F768be5b206502172,../../../../Git/cpg-contract-checker/data-collection/source-code/smart-contract-sanctuary-ethereum/contracts/mainnet/49/498227DAdc6945317f0e0A5F768be5b206502172_StrategyBasisBac.sol
95.00,91.67,0x9EA3b5b4EC044b70375236A281986106457b20EF,../../../../Git/cpg-contract-checker/data-collection/source-code/smart-contract-sanctuary-ethereum/contracts/mainnet/9e/9EA3b5b4EC044b70375236A281986106457b20EF_DELTAToken.sol
95.00,92.86,0x4EA67AeBb61f7Ff6E15E237C8b79D29C41F750fd,../../../../Git/cpg-contract-checker/data-collection/source-code/smart-contract-sanctuary-ethereum/contracts/mainnet/4e/4EA67AeBb61f7Ff6E15E237C8b79D29C41F750fd_BrandCentralClaimAuction.sol
95.00,91.43,0x795c273fc5c505bb6c61063c03ba482e917eabcd,../../../../Git/cpg-contract-checker/data-collection/source-code/smart-contract-sanctuary-ethereum/contracts/mainnet/79/795c273fc5c505bb6c61063c03ba482e917eabcd_SweepersToken.sol
95.00,91.43,0x2276C60F53c9a807e182d112f9b37D7277463Fec,../../../../Git/cpg-contract-checker/data-collection/source-code/smart-contract-sanctuary-ethereum/contracts/mainnet/22/2276C60F53c9a807e182d112f9b37D7277463Fec_SweepersToken.sol
95.00,91.67,0xaFacA2Ad8dAd766BCc274Bf16039088a7EA493bF,../../../../Git/cpg-contract-checker/data-collection/source-code/smart-contract-sanctuary-ethereum/contracts/mainnet/af/aFacA2Ad8dAd766BCc274Bf16039088a7EA493bF_KeeperIncentive.sol
95.00,91.43,0xD430ae8fa97D9f9F62485a3A1865907E210Bc7e8,../../../../Git/cpg-contract-checker/data-collection/source-code/smart-contract-sanctuary-ethereum/contracts/mainnet/d4/D430ae8fa97D9f9F62485a3A1865907E210Bc7e8_LaunchKey.sol
95.00,91.43,0xC170c2A88a5eb3156ADDA231640e70456D18A81C,../../../../Git/cpg-contract-checker/data-collection/source-code/smart-contract-sanctuary-ethereum/contracts/mainnet/c1/C170c2A88a5eb3156ADDA231640e70456D18A81C_CoCreateLaunch.sol
95.00,91.43,0xe2E109f1b4eaA8915655fE8fDEfC112a34ACc5F0,../../../../Git/cpg-contract-checker/data-collection/source-code/smart-contract-sanctuary-ethereum/contracts/mainnet/e2/e2E109f1b4eaA8915655fE8fDEfC112a34ACc5F0_DustToken.sol
95.00,91.43,0x17B19C70bfcA098da3f2eFeF6e7FA3a1C42F5429,../../../../Git/cpg-contract-checker/data-collection/source-code/smart-contract-sanctuary-ethereum/contracts/mainnet/17/17B19C70bfcA098da3f2eFeF6e7FA3a1C42F5429_OnChainKevin.sol
95.00,91.43,0x5326CE4413eeF46f6F19dBd6a9D2620ebB7fb60A,../../../../Git/cpg-contract-checker/data-collection/source-code/smart-contract-sanctuary-ethereum/contracts/mainnet/53/5326CE4413eeF46f6F19dBd6a9D2620ebB7fb60A_LimitOffer.sol
95.00,91.67,0x61aEDD30C63800A4C4791201A4f63fCfa42cC45d,../../../../Git/cpg-contract-checker/data-collection/source-code/smart-contract-sanctuary-ethereum/contracts/mainnet/61/61aEDD30C63800A4C4791201A4f63fCfa42cC45d_StrategyFraxTempleUniV2.sol
95.00,92.50,0x83f82414b5065bB9A85E330C67B4A10f798F4eD2,../../../../Git/cpg-contract-checker/data-collection/source-code/smart-contract-sanctuary-ethereum/contracts/mainnet/83/83f82414b5065bB9A85E330C67B4A10f798F4eD2_Mutants.sol
95.00,91.11,0x34c89620C13392Fda4A3858D2429BC5B4EcEB8D0,../../../../Git/cpg-contract-checker/data-collection/source-code/smart-contract-sanctuary-ethereum/contracts/mainnet/34/34c89620C13392Fda4A3858D2429BC5B4EcEB8D0_NovoPixels.sol
95.00,91.43,0xB4eE13A0aeE2363F5b4caA6c89bB6c26A16B93Aa,../../../../Git/cpg-contract-checker/data-collection/source-code/smart-contract-sanctuary-ethereum/contracts/mainnet/b4/B4eE13A0aeE2363F5b4caA6c89bB6c26A16B93Aa_MembershipNFT.sol
95.00,91.67,0x2A2127753653F6210d26F5B470738bf13B73423d,../../../../Git/cpg-contract-checker/data-collection/source-code/smart-contract-sanctuary-ethereum/contracts/mainnet/2a/2A2127753653F6210d26F5B470738bf13B73423d_Amulet.sol
95.00,91.67,0x086Fe4cf02347b1C7228ec292FA7be3bb0A4a2e8,../../../../Git/cpg-contract-checker/data-collection/source-code/smart-contract-sanctuary-ethereum/contracts/mainnet/08/086Fe4cf02347b1C7228ec292FA7be3bb0A4a2e8_CatSeller.sol
95.00,91.67,0x6968155764dbd64b417603e314008516C42C9026,../../../../Git/cpg-contract-checker/data-collection/source-code/smart-contract-sanctuary-ethereum/contracts/mainnet/69/6968155764dbd64b417603e314008516C42C9026_NounsCoasterMetadataRenderer.sol
95.00,92.00,0x5fD1E4c0b52cC10c6eBC11e522aAf87374f4Ebaf,../../../../Git/cpg-contract-checker/data-collection/source-code/smart-contract-sanctuary-ethereum/contracts/mainnet/5f/5fD1E4c0b52cC10c6eBC11e522aAf87374f4Ebaf_MockERC20.sol
95.00,92.00,0x6192713f5adcD264C85550133720aD397723C0E5,../../../../Git/cpg-contract-checker/data-collection/source-code/smart-contract-sanctuary-ethereum/contracts/mainnet/61/6192713f5adcD264C85550133720aD397723C0E5_MockERC20.sol
95.00,92.00,0x82eFa9890808B1b97Abb2EcF0553b2aBF8308C3E,../../../../Git/cpg-contract-checker/data-collection/source-code/smart-contract-sanctuary-ethereum/contracts/mainnet/82/82eFa9890808B1b97Abb2EcF0553b2aBF8308C3E_MockERC20.sol
95.00,92.00,0x68d467443529f4cC24055ff244826F624dbEff19,../../../../Git/cpg-contract-checker/data-collection/source-code/smart-contract-sanctuary-ethereum/contracts/mainnet/68/68d467443529f4cC24055ff244826F624dbEff19_StrategyFraxUsdcUniV3.sol
95.00,91.43,0x989274c14FE90052C5304ca94644873B1F6711F9,../../../../Git/cpg-contract-checker/data-collection/source-code/smart-contract-sanctuary-ethereum/contracts/mainnet/98/989274c14FE90052C5304ca94644873B1F6711F9_HumanReadable.sol
95.00,91.67,0x74505Fb95D0636ddDf2545AECc8e8F4e2fC004D4,../../../../Git/cpg-contract-checker/data-collection/source-code/smart-contract-sanctuary-ethereum/contracts/mainnet/74/74505Fb95D0636ddDf2545AECc8e8F4e2fC004D4_StrategyConvex3CrvRewardsClonable.sol
95.00,91.67,0xB94a58B27296dF577619CC8aA33679dD463CAcF0,../../../../Git/cpg-contract-checker/data-collection/source-code/smart-contract-sanctuary-ethereum/contracts/mainnet/b9/B94a58B27296dF577619CC8aA33679dD463CAcF0_NeuronPoolsController.sol
95.00,91.43,0xc8f23f3849d07c69dfba8c79d669ffbf2e0f2983,../../../../Git/cpg-contract-checker/data-collection/source-code/smart-contract-sanctuary-ethereum/contracts/mainnet/c8/c8f23f3849d07c69dfba8c79d669ffbf2e0f2983_QueenEV2.sol
95.00,91.43,0xd0bf16f1ed8fdf70097E9b26c76d30352D6560a2,../../../../Git/cpg-contract-checker/data-collection/source-code/smart-contract-sanctuary-ethereum/contracts/mainnet/d0/d0bf16f1ed8fdf70097E9b26c76d30352D6560a2_QueenE.sol
90.00,91.67,0x0dBffBA31097510d291aD9150B150b3BB07d8852,../../../../Git/cpg-contract-checker/data-collection/source-code/smart-contract-sanctuary-ethereum/contracts/mainnet/0d/0dBffBA31097510d291aD9150B150b3BB07d8852_ExtraRewardStashV3.sol
90.00,91.67,0x72eb0cae0371e022d813f6cc97e9885ab135c850,../../../../Git/cpg-contract-checker/data-collection/source-code/smart-contract-sanctuary-ethereum/contracts/mainnet/72/72eb0cae0371e022d813f6cc97e9885ab135c850_CurveVoterProxy.sol
90.00,91.67,0x56867a5327a597b045c2eee6c3cfc9697f273f39,../../../../Git/cpg-contract-checker/data-collection/source-code/smart-contract-sanctuary-ethereum/contracts/mainnet/56/56867a5327a597b045c2eee6c3cfc9697f273f39_ExtraRewardStashV2.sol
90.00,92.00,0xA0F8ac8Da6Fc9dbf2BD2e0061818D6E71daa75e4,../../../../Git/cpg-contract-checker/data-collection/source-code/smart-contract-sanctuary-ethereum/contracts/mainnet/a0/A0F8ac8Da6Fc9dbf2BD2e0061818D6E71daa75e4_HardWorkResolver.sol
90.00,91.43,0x6919378581d06D1b4989d3F59F1CfF912CFb816a,../../../../Git/cpg-contract-checker/data-collection/source-code/smart-contract-sanctuary-ethereum/contracts/mainnet/69/6919378581d06D1b4989d3F59F1CfF912CFb816a_EthTerrestrialsAdapter.sol
90.00,91.67,0xa97c7AF10ee564EBf452A9347bB9653454Ba69C0,../../../../Git/cpg-contract-checker/data-collection/source-code/smart-contract-sanctuary-ethereum/contracts/mainnet/a9/a97c7AF10ee564EBf452A9347bB9653454Ba69C0_PunkResolverV1.sol
90.00,91.67,0x59CFCD384746ec3035299D90782Be065e466800B,../../../../Git/cpg-contract-checker/data-collection/source-code/smart-contract-sanctuary-ethereum/contracts/mainnet/59/59CFCD384746ec3035299D90782Be065e466800B_FraxVoterProxy.sol
90.00,91.67,0x985ecBD12566dD8BC05F4Df96729Ee84dE67F519,../../../../Git/cpg-contract-checker/data-collection/source-code/smart-contract-sanctuary-ethereum/contracts/mainnet/98/985ecBD12566dD8BC05F4Df96729Ee84dE67F519_PunkResolverNonUpgradable.sol
90.00,91.67,0xe7EE6296a32D708327807676DdF58b1D099A870C,../../../../Git/cpg-contract-checker/data-collection/source-code/smart-contract-sanctuary-ethereum/contracts/mainnet/e7/e7EE6296a32D708327807676DdF58b1D099A870C_VoterProxyV2.sol
90.00,91.67,0x360784Af4a08154De16f1241009836C618dE6855,../../../../Git/cpg-contract-checker/data-collection/source-code/smart-contract-sanctuary-ethereum/contracts/mainnet/36/360784Af4a08154De16f1241009836C618dE6855_VoterProxyV2.sol
90.00,91.67,0xaEff30546761D65dd3a3Ba555f504b13f0e814F8,../../../../Git/cpg-contract-checker/data-collection/source-code/smart-contract-sanctuary-ethereum/contracts/mainnet/ae/aEff30546761D65dd3a3Ba555f504b13f0e814F8_BentLocker.sol
90.00,91.43,0xcd8fc518f8228f2266c7c53643d7dddac4088ca5,../../../../Git/cpg-contract-checker/data-collection/source-code/smart-contract-sanctuary-ethereum/contracts/mainnet/cd/cd8fc518f8228f2266c7c53643d7dddac4088ca5_FaucetMetadataRenderer.sol
90.00,92.86,0xA7A564621cE88665BB7Ca37b72af14Da11fb1db1,../../../../Git/cpg-contract-checker/data-collection/source-code/smart-contract-sanctuary-ethereum/contracts/mainnet/a7/A7A564621cE88665BB7Ca37b72af14Da11fb1db1_XPNSignal.sol
90.00,91.67,0xf3BD66ca9b2b43F6Aa11afa6F4Dfdc836150d973,../../../../Git/cpg-contract-checker/data-collection/source-code/smart-contract-sanctuary-ethereum/contracts/mainnet/f3/f3BD66ca9b2b43F6Aa11afa6F4Dfdc836150d973_FraxVoterProxy.sol
90.00,91.67,0xe958A07dBa53e43f1c9a8527e08377bc12365f69,../../../../Git/cpg-contract-checker/data-collection/source-code/smart-contract-sanctuary-ethereum/contracts/mainnet/e9/e958A07dBa53e43f1c9a8527e08377bc12365f69_BentLocker.sol
90.00,91.43,0x071e71b22d2442c8556c7317f1944b5bb63a6750,../../../../Git/cpg-contract-checker/data-collection/source-code/smart-contract-sanctuary-ethereum/contracts/mainnet/07/071e71b22d2442c8556c7317f1944b5bb63a6750_ConditionDestVaultWillBeSafe.sol
90.00,91.43,0xc0617EA84a2305c6ef18fcD25e58895786fB7F52,../../../../Git/cpg-contract-checker/data-collection/source-code/smart-contract-sanctuary-ethereum/contracts/mainnet/c0/c0617EA84a2305c6ef18fcD25e58895786fB7F52_GoopMetadataProxy.sol
90.00,91.43,0x8aC97e1DCDA67432248285fA318294a499CF140d,../../../../Git/cpg-contract-checker/data-collection/source-code/smart-contract-sanctuary-ethereum/contracts/mainnet/8a/8aC97e1DCDA67432248285fA318294a499CF140d_AnonymiceAdapter.sol
90.00,91.67,0x68802744e93D9598f0611D57c2622b7f633fF628,../../../../Git/cpg-contract-checker/data-collection/source-code/smart-contract-sanctuary-ethereum/contracts/mainnet/68/68802744e93D9598f0611D57c2622b7f633fF628_StrategyDForceUSDC.sol
90.00,91.67,0x8b389cd4BC977136AC9A91d7C95c1F40fB58a7D3,../../../../Git/cpg-contract-checker/data-collection/source-code/smart-contract-sanctuary-ethereum/contracts/mainnet/8b/8b389cd4BC977136AC9A91d7C95c1F40fB58a7D3_StrategyDForceUSDT.sol
90.00,91.43,0x5E427A2BD4Da38234C6EBAD7A64d7d0007D02382,../../../../Git/cpg-contract-checker/data-collection/source-code/smart-contract-sanctuary-ethereum/contracts/mainnet/5e/5E427A2BD4Da38234C6EBAD7A64d7d0007D02382_TetuRewardRelayer.sol
90.00,92.00,0xc8Be20e84E608c9c17422a4928D77Cb7c677d260,../../../../Git/cpg-contract-checker/data-collection/source-code/smart-contract-sanctuary-ethereum/contracts/mainnet/c8/c8Be20e84E608c9c17422a4928D77Cb7c677d260_SmartVault.sol
90.00,92.50,0x42Ef5eb48586757b2F69A37569B6F35120f2515e,../../../../Git/cpg-contract-checker/data-collection/source-code/smart-contract-sanctuary-ethereum/contracts/mainnet/42/42Ef5eb48586757b2F69A37569B6F35120f2515e_AvvenireCitizens.sol
90.00,91.43,0xd3e5cb0b42880ce898673996aab8422621447f2c,../../../../Git/cpg-contract-checker/data-collection/source-code/smart-contract-sanctuary-ethereum/contracts/mainnet/d3/d3e5cb0b42880ce898673996aab8422621447f2c_PayBSwapRegistry.sol
90.00,92.50,0x4F0Fba0652E61cD1Ec62E65e58c053F93b2D079F,../../../../Git/cpg-contract-checker/data-collection/source-code/smart-contract-sanctuary-ethereum/contracts/mainnet/4f/4F0Fba0652E61cD1Ec62E65e58c053F93b2D079F_TileContentProvider.sol
90.00,91.43,0x19202579f1aed3fa00807ac89ebd92901021a15f,../../../../Git/cpg-contract-checker/data-collection/source-code/smart-contract-sanctuary-ethereum/contracts/mainnet/19/19202579f1aed3fa00807ac89ebd92901021a15f_ConditionDebtBridgeIsAffordable.sol
90.00,91.43,0x6a05bd123d780055c38526cc05d3c9b90d0e471c,../../../../Git/cpg-contract-checker/data-collection/source-code/smart-contract-sanctuary-ethereum/contracts/mainnet/6a/6a05bd123d780055c38526cc05d3c9b90d0e471c_WePiggyLensV2.sol
90.00,92.86,0x5b42bC0731e125c6489F2053Bd70eed0d4275256,../../../../Git/cpg-contract-checker/data-collection/source-code/smart-contract-sanctuary-ethereum/contracts/mainnet/5b/5b42bC0731e125c6489F2053Bd70eed0d4275256_SoulData.sol
90.00,91.67,0xE459C44856B01240A68b9503f21F95d6bcD89EC8,../../../../Git/cpg-contract-checker/data-collection/source-code/smart-contract-sanctuary-ethereum/contracts/mainnet/e4/E459C44856B01240A68b9503f21F95d6bcD89EC8_InscriptionsStoredRenderer.sol
90.00,92.50,0xFF3d34a7AE23DA950fd86A14775D8A49AA60C681,../../../../Git/cpg-contract-checker/data-collection/source-code/smart-contract-sanctuary-ethereum/contracts/mainnet/ff/FF3d34a7AE23DA950fd86A14775D8A49AA60C681_WeirdKittiesNFT.sol
90.00,91.43,0xa1ca9d38d339edac593025bbcd5e2620c856780e,../../../../Git/cpg-contract-checker/data-collection/source-code/smart-contract-sanctuary-ethereum/contracts/mainnet/a1/a1ca9d38d339edac593025bbcd5e2620c856780e_Gang2.sol
90.00,91.67,0xe302e5411F222c1cFeB8d94fa7344c70a92dae45,../../../../Git/cpg-contract-checker/data-collection/source-code/smart-contract-sanctuary-ethereum/contracts/mainnet/e3/e302e5411F222c1cFeB8d94fa7344c70a92dae45_LimitOffer.sol
90.00,91.67,0x03B0E3F8B22933C2b0A7Dfc46C2FdB746a106709,../../../../Git/cpg-contract-checker/data-collection/source-code/smart-contract-sanctuary-ethereum/contracts/mainnet/03/03B0E3F8B22933C2b0A7Dfc46C2FdB746a106709_BalancerGlobal.sol
90.00,91.67,0x7946B04DcD48d96dD405cCbdA674c500aFA89EA3,../../../../Git/cpg-contract-checker/data-collection/source-code/smart-contract-sanctuary-ethereum/contracts/mainnet/79/7946B04DcD48d96dD405cCbdA674c500aFA89EA3_BalancerGlobal.sol
90.00,91.43,0x0f216323076dfe029f01b3deb3bc1682b1ea8a37,../../../../Git/cpg-contract-checker/data-collection/source-code/smart-contract-sanctuary-ethereum/contracts/mainnet/0f/0f216323076dfe029f01b3deb3bc1682b1ea8a37_Utils_Vether.sol
90.00,91.43,0xcDcB5088ba876C4DC68F8C0E35717331D6023bD9,../../../../Git/cpg-contract-checker/data-collection/source-code/smart-contract-sanctuary-ethereum/contracts/mainnet/cd/cDcB5088ba876C4DC68F8C0E35717331D6023bD9_StrategyCreamYFI.sol
90.00,92.86,0xe082A77dE5A278fC37b2F14cbf5aF4E4643fF705,../../../../Git/cpg-contract-checker/data-collection/source-code/smart-contract-sanctuary-ethereum/contracts/mainnet/e0/e082A77dE5A278fC37b2F14cbf5aF4E4643fF705_WebCode.sol
90.00,91.43,0xc6Ae8329c2958C198efD10577C1c4B386B9656b3,../../../../Git/cpg-contract-checker/data-collection/source-code/smart-contract-sanctuary-ethereum/contracts/mainnet/c6/c6Ae8329c2958C198efD10577C1c4B386B9656b3_dust_for_punkz.sol
90.00,91.67,0xe29d4943197e439274c7500fa73fd40d9695bbf3,../../../../Git/cpg-contract-checker/data-collection/source-code/smart-contract-sanctuary-ethereum/contracts/mainnet/e2/e29d4943197e439274c7500fa73fd40d9695bbf3_GlobalRegistrarsWrapper.sol
90.00,91.43,0xb180B78c98EecA254B6A3A9bF5541A95C3eE9323,../../../../Git/cpg-contract-checker/data-collection/source-code/smart-contract-sanctuary-ethereum/contracts/mainnet/b1/b180B78c98EecA254B6A3A9bF5541A95C3eE9323_EquipmentData.sol
90.00,91.43,0x093ac2C5D082c9133A505a71d1830Ef40e7b3E4F,../../../../Git/cpg-contract-checker/data-collection/source-code/smart-contract-sanctuary-ethereum/contracts/mainnet/09/093ac2C5D082c9133A505a71d1830Ef40e7b3E4F_ConvexIBUsdtStrategy.sol
90.00,91.67,0xeed7818b55121d9901ae9e09aaf32d28952d7b14,../../../../Git/cpg-contract-checker/data-collection/source-code/smart-contract-sanctuary-ethereum/contracts/mainnet/ee/eed7818b55121d9901ae9e09aaf32d28952d7b14_FinalSecurityModule.sol
90.00,91.67,0x3088670ab7ddf34924d6896ef27508335453b6b8,../../../../Git/cpg-contract-checker/data-collection/source-code/smart-contract-sanctuary-ethereum/contracts/mainnet/30/3088670ab7ddf34924d6896ef27508335453b6b8_FinalTransferModule.sol
90.00,91.67,0x62ed952ba331137629f144e0f61cd176cee5bcec,../../../../Git/cpg-contract-checker/data-collection/source-code/smart-contract-sanctuary-ethereum/contracts/mainnet/62/62ed952ba331137629f144e0f61cd176cee5bcec_FinalTransferModule.sol
90.00,91.67,0x1aafc323b4711c6278105a653fac56abc58804a6,../../../../Git/cpg-contract-checker/data-collection/source-code/smart-contract-sanctuary-ethereum/contracts/mainnet/1a/1aafc323b4711c6278105a653fac56abc58804a6_FinalSecurityModule.sol
90.00,91.67,0xc475c56388b2ae3d82d71224c8e2eb433e484bae,../../../../Git/cpg-contract-checker/data-collection/source-code/smart-contract-sanctuary-ethereum/contracts/mainnet/c4/c475c56388b2ae3d82d71224c8e2eb433e484bae_FinalTransferModule.sol
90.00,91.67,0x2033A2Af59D72C11ba7ddc004A3Be440e715f719,../../../../Git/cpg-contract-checker/data-collection/source-code/smart-contract-sanctuary-ethereum/contracts/mainnet/20/2033A2Af59D72C11ba7ddc004A3Be440e715f719_MStableStrat.sol
90.00,91.67,0x43e1a49C86F8471eb454c2b2d95B899cB35CA399,../../../../Git/cpg-contract-checker/data-collection/source-code/smart-contract-sanctuary-ethereum/contracts/mainnet/43/43e1a49C86F8471eb454c2b2d95B899cB35CA399_MStableStrat.sol
90.00,91.67,0x2EE6bdcE7DB00eFF193bc5170b94A230cD6c6FD6,../../../../Git/cpg-contract-checker/data-collection/source-code/smart-contract-sanctuary-ethereum/contracts/mainnet/2e/2EE6bdcE7DB00eFF193bc5170b94A230cD6c6FD6_MStableStrat.sol
90.00,91.67,0xe8645071649e077DcD2edC81666cbc48939aAA1A,../../../../Git/cpg-contract-checker/data-collection/source-code/smart-contract-sanctuary-ethereum/contracts/mainnet/e8/e8645071649e077DcD2edC81666cbc48939aAA1A_MStableStrat.sol
90.00,91.43,0xaef91342f783cfbd71924b05e00061e464de977a,../../../../Git/cpg-contract-checker/data-collection/source-code/smart-contract-sanctuary-ethereum/contracts/mainnet/ae/aef91342f783cfbd71924b05e00061e464de977a_TRACItems.sol
90.00,91.43,0x710a02f8f3d34ae9c80106c02e48aa07b4dc2ef6,../../../../Git/cpg-contract-checker/data-collection/source-code/smart-contract-sanctuary-ethereum/contracts/mainnet/71/710a02f8f3d34ae9c80106c02e48aa07b4dc2ef6_TRACAssets.sol
90.00,91.43,0x2e74525c491954be67e8847b087ed1c3c988635d,../../../../Git/cpg-contract-checker/data-collection/source-code/smart-contract-sanctuary-ethereum/contracts/mainnet/2e/2e74525c491954be67e8847b087ed1c3c988635d_Utils_Vether.sol
90.00,91.67,0x1280E96618349eF01571Ee148d850672d72f3E51,../../../../Git/cpg-contract-checker/data-collection/source-code/smart-contract-sanctuary-ethereum/contracts/mainnet/12/1280E96618349eF01571Ee148d850672d72f3E51_MStableStrat.sol
90.00,91.67,0xcDa1fdCe80D324F3f4a5De323d51428bd402d41C,../../../../Git/cpg-contract-checker/data-collection/source-code/smart-contract-sanctuary-ethereum/contracts/mainnet/cd/cDa1fdCe80D324F3f4a5De323d51428bd402d41C_MStableStrat.sol
90.00,91.43,0x9a8A1D7Eac06871f60158f127704F3910613E3c3,../../../../Git/cpg-contract-checker/data-collection/source-code/smart-contract-sanctuary-ethereum/contracts/mainnet/9a/9a8A1D7Eac06871f60158f127704F3910613E3c3_SanFRAXEURERC4626AdapterStakable.sol
90.00,92.86,0xe6b84E0B4EaD61B86634a67Cd3996D06694858f8,../../../../Git/cpg-contract-checker/data-collection/source-code/smart-contract-sanctuary-ethereum/contracts/mainnet/e6/e6b84E0B4EaD61B86634a67Cd3996D06694858f8_NymLibUpgradeable.sol
90.00,91.43,0x7721a657d98d65f9126004cd8c50875ed4f11174,../../../../Git/cpg-contract-checker/data-collection/source-code/smart-contract-sanctuary-ethereum/contracts/mainnet/77/7721a657d98d65f9126004cd8c50875ed4f11174_UnitMetadataOracle.sol
90.00,91.43,0xF3199F753e21aabF30f2aC114c8780eCe7174447,../../../../Git/cpg-contract-checker/data-collection/source-code/smart-contract-sanctuary-ethereum/contracts/mainnet/f3/F3199F753e21aabF30f2aC114c8780eCe7174447_ConditionCanDoRefinance.sol
90.00,91.67,0xBC13c09a5098E3CF0c71Aa4F6D467D53b68C278F,../../../../Git/cpg-contract-checker/data-collection/source-code/smart-contract-sanctuary-ethereum/contracts/mainnet/bc/BC13c09a5098E3CF0c71Aa4F6D467D53b68C278F_Relay.sol
90.00,91.43,0x69b24608832cc75f709c7047b83bb0c04951a295,../../../../Git/cpg-contract-checker/data-collection/source-code/smart-contract-sanctuary-ethereum/contracts/mainnet/69/69b24608832cc75f709c7047b83bb0c04951a295_TRACAssets.sol
90.00,91.67,0xf528e3381372c43f5e8a55b3e6c252e32f1a26e4,../../../../Git/cpg-contract-checker/data-collection/source-code/smart-contract-sanctuary-ethereum/contracts/mainnet/f5/f528e3381372c43f5e8a55b3e6c252e32f1a26e4_Bibos.sol
90.00,91.43,0xF51EB22C78B0B5D11634222ed3EBe951618577f3,../../../../Git/cpg-contract-checker/data-collection/source-code/smart-contract-sanctuary-ethereum/contracts/mainnet/f5/F51EB22C78B0B5D11634222ed3EBe951618577f3_PlaneMetadata.sol
90.00,91.67,0x0EbB1A44a5E9d1b33772Ee392591e3dAc1Dc10C3,../../../../Git/cpg-contract-checker/data-collection/source-code/smart-contract-sanctuary-ethereum/contracts/mainnet/0e/0EbB1A44a5E9d1b33772Ee392591e3dAc1Dc10C3_Checkpoint.sol
90.00,91.67,0x4DDBe08696C4FF93335285e990bfAee387BFaf31,../../../../Git/cpg-contract-checker/data-collection/source-code/smart-contract-sanctuary-ethereum/contracts/mainnet/4d/4DDBe08696C4FF93335285e990bfAee387BFaf31_Checkpoint.sol
90.00,91.67,0x56C1226aB0c2dE5cEeEEbf8e69bCa689f57045EE,../../../../Git/cpg-contract-checker/data-collection/source-code/smart-contract-sanctuary-ethereum/contracts/mainnet/56/56C1226aB0c2dE5cEeEEbf8e69bCa689f57045EE_WhiteWhaleFactory.sol
90.00,92.00,0xc71c06f718154e76704c57b9c7c42ca55962bacd,../../../../Git/cpg-contract-checker/data-collection/source-code/smart-contract-sanctuary-ethereum/contracts/mainnet/c7/c71c06f718154e76704c57b9c7c42ca55962bacd_FraxlendAMOV3.sol
90.00,91.67,0xe1f5CA169B7eafEef85c3Eb1FF91E1dDEC3fd63f,../../../../Git/cpg-contract-checker/data-collection/source-code/smart-contract-sanctuary-ethereum/contracts/mainnet/e1/e1f5CA169B7eafEef85c3Eb1FF91E1dDEC3fd63f_WhiteWhale.sol
90.00,91.67,0x706a6d84d103cda3a352b76b5a2b248e18dc4112,../../../../Git/cpg-contract-checker/data-collection/source-code/smart-contract-sanctuary-ethereum/contracts/mainnet/70/706a6d84d103cda3a352b76b5a2b248e18dc4112_CRVStrategyYCRV.sol
90.00,92.00,0x37a0a06f00d22f945d972090dddabd981988a2e8,../../../../Git/cpg-contract-checker/data-collection/source-code/smart-contract-sanctuary-ethereum/contracts/mainnet/37/37a0a06f00d22f945d972090dddabd981988a2e8_Staking.sol
90.00,92.86,0xbb830cb43f9899f28b7eae6d66f79d0fb01f12a8,../../../../Git/cpg-contract-checker/data-collection/source-code/smart-contract-sanctuary-ethereum/contracts/mainnet/bb/bb830cb43f9899f28b7eae6d66f79d0fb01f12a8_YouTubeMarket.sol
90.00,91.67,0xdafce5670d3f67da9a3a44fe6bc36992e5e2beab,../../../../Git/cpg-contract-checker/data-collection/source-code/smart-contract-sanctuary-ethereum/contracts/mainnet/da/dafce5670d3f67da9a3a44fe6bc36992e5e2beab_DELTA_Limited_Staking_Window.sol
90.00,91.43,0x7F42D159F75b5804963f87F4CEE9172D46B7b8e7,../../../../Git/cpg-contract-checker/data-collection/source-code/smart-contract-sanctuary-ethereum/contracts/mainnet/7f/7F42D159F75b5804963f87F4CEE9172D46B7b8e7_ConvexIBUsdcStrategy.sol
90.00,91.43,0x37336199B3e7C9B0FC61d4289e98Ad494cc7d52c,../../../../Git/cpg-contract-checker/data-collection/source-code/smart-contract-sanctuary-ethereum/contracts/mainnet/37/37336199B3e7C9B0FC61d4289e98Ad494cc7d52c_RemBadger.sol
90.00,91.67,0x6847259b2B3A4c17e7c43C54409810aF48bA5210,../../../../Git/cpg-contract-checker/data-collection/source-code/smart-contract-sanctuary-ethereum/contracts/mainnet/68/6847259b2B3A4c17e7c43C54409810aF48bA5210_src_interfaces_weth.sol
90.00,91.11,0x5cA3ed276B0e4a6EE37e5E6989b62257A31b67C0,../../../../Git/cpg-contract-checker/data-collection/source-code/smart-contract-sanctuary-ethereum/contracts/mainnet/5c/5cA3ed276B0e4a6EE37e5E6989b62257A31b67C0_KeysToTheMetaverse.sol
90.00,91.67,0x529574d1affef7cf347cdd02b91efd2c00bb773b,../../../../Git/cpg-contract-checker/data-collection/source-code/smart-contract-sanctuary-ethereum/contracts/mainnet/52/529574d1affef7cf347cdd02b91efd2c00bb773b_grumpls.sol
90.00,91.43,0x253817976e5f8cf0827daaac3d0c75026753c2dc,../../../../Git/cpg-contract-checker/data-collection/source-code/smart-contract-sanctuary-ethereum/contracts/mainnet/25/253817976e5f8cf0827daaac3d0c75026753c2dc_BulkENSChecker.sol
90.00,91.43,0x7f463b874eC264dC7BD8C780f5790b4Fc371F11f,../../../../Git/cpg-contract-checker/data-collection/source-code/smart-contract-sanctuary-ethereum/contracts/mainnet/7f/7f463b874eC264dC7BD8C780f5790b4Fc371F11f_BLONKSmain.sol
90.00,91.43,0x112334f50cb6efcff4e35ae51a022dbe41a48135,../../../../Git/cpg-contract-checker/data-collection/source-code/smart-contract-sanctuary-ethereum/contracts/mainnet/11/112334f50cb6efcff4e35ae51a022dbe41a48135_Erc20Vault.sol
90.00,91.67,0xb5F32Ed22986eB3c6fEB4df370a2ad2b11B5c7bd,../../../../Git/cpg-contract-checker/data-collection/source-code/smart-contract-sanctuary-ethereum/contracts/mainnet/b5/b5F32Ed22986eB3c6fEB4df370a2ad2b11B5c7bd_CRVStrategyWRenBTCMix.sol
90.00,91.43,0x15A2d6C2b4B9903C27f50Cb8B32160ab17F186E2,../../../../Git/cpg-contract-checker/data-collection/source-code/smart-contract-sanctuary-ethereum/contracts/mainnet/15/15A2d6C2b4B9903C27f50Cb8B32160ab17F186E2_GOOPsToken.sol
90.00,91.43,0xb44c36bbfd660f81ff379c0591f218248c2d87bb,../../../../Git/cpg-contract-checker/data-collection/source-code/smart-contract-sanctuary-ethereum/contracts/mainnet/b4/b44c36bbfd660f81ff379c0591f218248c2d87bb_Erc20Vault.sol
90.00,91.43,0xa2635774bd1c257afd78cfdbd1b0d868fd482e69,../../../../Git/cpg-contract-checker/data-collection/source-code/smart-contract-sanctuary-ethereum/contracts/mainnet/a2/a2635774bd1c257afd78cfdbd1b0d868fd482e69_Erc20Vault.sol
90.00,91.43,0xab83bd5169f58e753d291223dcaba4f7644ad3a9,../../../../Git/cpg-contract-checker/data-collection/source-code/smart-contract-sanctuary-ethereum/contracts/mainnet/ab/ab83bd5169f58e753d291223dcaba4f7644ad3a9_Erc20Vault.sol
90.00,91.43,0x159B8fe52CF781872C61273E9b8892913721Aada,../../../../Git/cpg-contract-checker/data-collection/source-code/smart-contract-sanctuary-ethereum/contracts/mainnet/15/159B8fe52CF781872C61273E9b8892913721Aada_FoxGameNFTTraits.sol
90.00,91.67,0x809a93fd4a0d7d7906ef6176f0b5518b418da08f,../../../../Git/cpg-contract-checker/data-collection/source-code/smart-contract-sanctuary-ethereum/contracts/mainnet/80/809a93fd4a0d7d7906ef6176f0b5518b418da08f_ChickenBondsView.sol
90.00,91.43,0x14f76cF52708E6BCE3B8CcaF0801975D535cBCeC,../../../../Git/cpg-contract-checker/data-collection/source-code/smart-contract-sanctuary-ethereum/contracts/mainnet/14/14f76cF52708E6BCE3B8CcaF0801975D535cBCeC_ConnectGelatoDataMakerToAave.sol
90.00,91.43,0xCcdE1e59E747bE1c186f9b2b9Fd4Fb76BDFA8002,../../../../Git/cpg-contract-checker/data-collection/source-code/smart-contract-sanctuary-ethereum/contracts/mainnet/cc/CcdE1e59E747bE1c186f9b2b9Fd4Fb76BDFA8002_ConnectGelatoDataMakerToCompound.sol
90.00,91.43,0xa55d3a3fe645e1f47f11c13b157e3767c7fda913,../../../../Git/cpg-contract-checker/data-collection/source-code/smart-contract-sanctuary-ethereum/contracts/mainnet/a5/a55d3a3fe645e1f47f11c13b157e3767c7fda913_Erc20Vault.sol
90.00,91.43,0x9f8622b11984afc8f0a42a394928702017c5968d,../../../../Git/cpg-contract-checker/data-collection/source-code/smart-contract-sanctuary-ethereum/contracts/mainnet/9f/9f8622b11984afc8f0a42a394928702017c5968d_Erc20Vault.sol
90.00,91.43,0x8def733e0f1907104f17dc138ad5705caa5ecede,../../../../Git/cpg-contract-checker/data-collection/source-code/smart-contract-sanctuary-ethereum/contracts/mainnet/8d/8def733e0f1907104f17dc138ad5705caa5ecede_Erc20Vault.sol
90.00,91.43,0xb64f7ccce8fbf14dee51ec0d2f7a87ce6843338f,../../../../Git/cpg-contract-checker/data-collection/source-code/smart-contract-sanctuary-ethereum/contracts/mainnet/b6/b64f7ccce8fbf14dee51ec0d2f7a87ce6843338f_PartStore.sol
90.00,91.43,0x40df0cc3a61c5a95ea06f1f1fccc4bdd413c956f,../../../../Git/cpg-contract-checker/data-collection/source-code/smart-contract-sanctuary-ethereum/contracts/mainnet/40/40df0cc3a61c5a95ea06f1f1fccc4bdd413c956f_PartStore.sol
90.00,91.67,0x5cD02A169CfE5B0596B352547879Dd60B7033488,../../../../Git/cpg-contract-checker/data-collection/source-code/smart-contract-sanctuary-ethereum/contracts/mainnet/5c/5cD02A169CfE5B0596B352547879Dd60B7033488_UnwrapEth.sol
90.00,92.86,0xA9cb2eeC3aBA7E4494329Cbe1287fdadd6EB431f,../../../../Git/cpg-contract-checker/data-collection/source-code/smart-contract-sanctuary-ethereum/contracts/mainnet/a9/A9cb2eeC3aBA7E4494329Cbe1287fdadd6EB431f_B5Code1.sol
90.00,91.67,0x2affe3899d985212ad8ee99e1269d7dd17576f1d,../../../../Git/cpg-contract-checker/data-collection/source-code/smart-contract-sanctuary-ethereum/contracts/mainnet/2a/2affe3899d985212ad8ee99e1269d7dd17576f1d_MStableDeposit.sol
90.00,91.43,0x3D1b4d228016f42a18452B81F072e04f52a92775,../../../../Git/cpg-contract-checker/data-collection/source-code/smart-contract-sanctuary-ethereum/contracts/mainnet/3d/3D1b4d228016f42a18452B81F072e04f52a92775_FoxGameNFTTraits.sol
90.00,91.43,0xf35D26FEc6c953cdaE62392901c53D3C85a98ad8,../../../../Git/cpg-contract-checker/data-collection/source-code/smart-contract-sanctuary-ethereum/contracts/mainnet/f3/f35D26FEc6c953cdaE62392901c53D3C85a98ad8_FoxGameNFTTraits.sol
90.00,91.67,0x6468215Bf4811244Ab78599e1df9206716A35aB7,../../../../Git/cpg-contract-checker/data-collection/source-code/smart-contract-sanctuary-ethereum/contracts/mainnet/64/6468215Bf4811244Ab78599e1df9206716A35aB7_MStableWithdraw.sol
90.00,91.43,0x174B7c57C6D628447DEF8353a1b6F59c3978F8bc,../../../../Git/cpg-contract-checker/data-collection/source-code/smart-contract-sanctuary-ethereum/contracts/mainnet/17/174B7c57C6D628447DEF8353a1b6F59c3978F8bc_MetaverseNFT.sol
90.00,91.43,0x0EAd8a0beb783f8Fb26F5A3c6888886576028ba9,../../../../Git/cpg-contract-checker/data-collection/source-code/smart-contract-sanctuary-ethereum/contracts/mainnet/0e/0EAd8a0beb783f8Fb26F5A3c6888886576028ba9_ConnectGelatoDataMakerToX.sol
90.00,91.43,0x2775d5d58c8A1db45C1CDd7b3aD68477edd1cd42,../../../../Git/cpg-contract-checker/data-collection/source-code/smart-contract-sanctuary-ethereum/contracts/mainnet/27/2775d5d58c8A1db45C1CDd7b3aD68477edd1cd42_PunksAdapter.sol
